5.49 0 0.997 0.2681 14.2 5.254 
5.89 2.47 0.895 -0.8469 14.14 5.254 
3.97 2.67 0.303 1.082 14.12 5.254 
8.37 3.21 0.421 2.265 13.89 5.254 
5.49 0 0.959 0.4556 15.64 5.254 
6.1 2.65 0.437 -0.7251 14.06 5.254 
3.92 2.61 0.534 0.1881 15.64 5.254 
5.49 0 0.261 -0.8073 15.59 5.254 
4.4 2.72 0.64 0.7924 14.03 5.254 
5.49 0 0.973 0.4569 15.64 5.254 
6.1 2.65 0.437 -1.148 15.5 5.254 
3.49 2.52 0.138 -0.7048 14.24 5.254 
2.89 2.84 0.0781 -1.504 15.69 5.254 
6.36 2.89 0.126 -0.09527 14.04 5.254 
6.74 3.14 0.288 -2.283 15.37 5.254 
1.61 2.95 0 -2.788 15.82 5.254 
6.11 2.37 0.234 -1.167 15.52 5.254 
3.5 3.29 0.13 0.1964 15.63 5.254 
1.26 3.12 0.18 -1.889 14.2 5.254 
5.49 0 0.997 1.268 15.7 5.254 
7.18 2.84 0.31 0.4114 15.49 5.254 
4.28 2.6 0.134 -0.05086 14.11 5.254 
5.91 2.88 0.178 -1.257 13.88 5.254 
3.47 3.31 0.455 -1.506 14.17 5.254 
5.65 2.98 0.208 -0.7309 15.58 5.254 
4.5 3.14 0 0.3883 14.07 5.254 
6.95 3.28 0.424 -1.63 13.85 5.254 
-0.414 2.99 0.126 -1.769 15.81 5.254 
5.49 0 0.997 1.69 14.26 5.254 
